[[[[ 20.51026344]
   [ 16.13978577]
   [ 15.31017399]
   ..., 
   [ -8.40860176]
   [-11.50146675]
   [-13.47096729]]

  [[ 18.56818199]
   [ 14.25      ]
   [ 13.25961494]
   ..., 
   [ -8.14583302]
   [-10.94318199]
   [-12.44999981]]

  [[ 18.07713509]
   [ 13.70707035]
   [ 13.37529182]
   ..., 
   [ -5.46464634]
   [ -8.68870544]
   [ -9.74545479]]

  ..., 
  [[  0.625     ]
   [  3.70833325]
   [  6.20192289]
   ..., 
   [ 16.46875   ]
   [ 21.82954597]
   [ 25.07500076]]

  [[  0.47507331]
   [  4.38709688]
   [  6.61538458]
   ..., 
   [ 18.06451607]
   [ 23.90029335]
   [ 27.61290359]]

  [[  0.67878789]
   [  3.9666667 ]
   [  6.12307692]
   ..., 
   [ 19.73333359]
   [ 25.05454636]
   [ 28.52000046]]]]